[app/install/install_source_checksum]
version = 7.3.0
modtime = 1591630231.754912000

[ta_ms_teams_alert_action_settings/additional_parameters]
version = 7.3.0
modtime = 1591630740.177218000
